              precision    recall  f1-score   support

           a       1.00      1.00      1.00         8
           b       0.86      0.75      0.80         8
           c       0.80      1.00      0.89         8
           d       1.00      1.00      1.00         7
           e       1.00      1.00      1.00         7
           f       0.78      1.00      0.88         7
           g       1.00      1.00      1.00         7
           h       1.00      1.00      1.00         8
           i       1.00      0.86      0.92         7
           j       0.88      1.00      0.93         7
           k       1.00      0.88      0.93         8
           l       1.00      0.88      0.93         8
           m       1.00      1.00      1.00         7
           n       0.86      0.86      0.86         7
           o       1.00      1.00      1.00         8
           p       0.88      1.00      0.93         7
           q       0.86      0.86      0.86         7
           r       0.78      1.00      0.88         7
           s       0.89      1.00      0.94         8
           t       1.00      0.86      0.92         7
           u       1.00      1.00      1.00         8
           v       1.00      1.00      1.00         8
           w       0.89      1.00      0.94         8
           x       1.00      1.00      1.00         8
           y       1.00      0.86      0.92         7
           z       1.00      0.88      0.93         8
           A       1.00      0.86      0.92         7
           B       0.73      1.00      0.84         8
           C       1.00      0.75      0.86         8
           D       0.80      0.50      0.62         8
           E       1.00      1.00      1.00         7
           F       1.00      1.00      1.00         8
           G       1.00      1.00      1.00         7
           H       1.00      0.86      0.92         7
           I       1.00      1.00      1.00         7
           J       1.00      1.00      1.00         8
           K       0.88      1.00      0.93         7
           L       1.00      1.00      1.00         7
           M       0.88      0.88      0.88         8
           N       1.00      1.00      1.00         8
           O       1.00      1.00      1.00         8
           P       0.86      0.86      0.86         7
           Q       1.00      1.00      1.00         8
           R       1.00      0.86      0.92         7
           S       1.00      1.00      1.00         7
           T       0.89      1.00      0.94         8
           U       1.00      1.00      1.00         8
           V       1.00      1.00      1.00         7
           W       1.00      0.88      0.93         8
           X       1.00      1.00      1.00         7
           Y       0.88      1.00      0.93         7
           Z       1.00      1.00      1.00         8

    accuracy                           0.94       390
   macro avg       0.95      0.94      0.94       390
weighted avg       0.95      0.94      0.94       390
