              precision    recall  f1-score   support

           a       0.00      0.00      0.00         8
           b       0.00      0.00      0.00         8
           c       0.00      0.00      0.00         8
           d       0.00      0.00      0.00         7
           e       0.00      0.00      0.00         7
           f       0.00      0.00      0.00         7
           g       0.00      0.00      0.00         7
           h       0.00      0.00      0.00         8
           i       0.00      0.00      0.00         7
           j       0.00      0.00      0.00         7
           k       0.00      0.00      0.00         8
           l       0.00      0.00      0.00         8
           m       0.00      0.00      0.00         7
           n       0.00      0.00      0.00         7
           o       0.00      0.00      0.00         8
           p       0.00      0.00      0.00         7
           q       0.00      0.00      0.00         7
           r       0.00      0.00      0.00         7
           s       0.00      0.00      0.00         8
           t       0.00      0.00      0.00         7
           u       0.00      0.00      0.00         8
           v       0.00      0.00      0.00         8
           w       0.00      0.00      0.00         8
           x       0.00      0.00      0.00         8
           y       0.00      0.00      0.00         7
           z       0.00      0.00      0.00         8
           A       0.02      1.00      0.04         7
           B       0.00      0.00      0.00         8
           C       0.00      0.00      0.00         8
           D       0.00      0.00      0.00         8
           E       0.00      0.00      0.00         7
           F       0.00      0.00      0.00         8
           G       0.00      0.00      0.00         7
           H       0.00      0.00      0.00         7
           I       0.00      0.00      0.00         7
           J       0.00      0.00      0.00         8
           K       0.00      0.00      0.00         7
           L       0.00      0.00      0.00         7
           M       0.00      0.00      0.00         8
           N       0.00      0.00      0.00         8
           O       0.00      0.00      0.00         8
           P       0.00      0.00      0.00         7
           Q       0.00      0.00      0.00         8
           R       0.00      0.00      0.00         7
           S       0.00      0.00      0.00         7
           T       0.00      0.00      0.00         8
           U       0.00      0.00      0.00         8
           V       0.00      0.00      0.00         7
           W       0.00      0.00      0.00         8
           X       0.00      0.00      0.00         7
           Y       0.00      0.00      0.00         7
           Z       0.00      0.00      0.00         8

    accuracy                           0.02       390
   macro avg       0.00      0.02      0.00       390
weighted avg       0.00      0.02      0.00       390
