              precision    recall  f1-score   support

           a       0.89      0.84      0.86        19
           b       0.95      1.00      0.97        18
           c       0.84      0.95      0.89        22
           d       1.00      1.00      1.00        15
           e       1.00      1.00      1.00        19
           f       1.00      0.93      0.97        15
           g       1.00      1.00      1.00        19
           h       1.00      1.00      1.00        17
           i       1.00      0.93      0.97        15
           j       0.94      1.00      0.97        15
           k       0.93      0.93      0.93        15
           l       0.89      0.94      0.91        17
           m       0.95      0.95      0.95        21
           n       0.95      0.95      0.95        22
           o       0.93      0.93      0.93        15
           p       0.93      0.76      0.84        17
           q       0.88      0.96      0.92        23
           r       1.00      1.00      1.00        19
           s       0.94      0.94      0.94        17
           t       0.89      0.89      0.89        18
           u       0.86      0.90      0.88        20
           v       0.94      0.94      0.94        18
           w       0.91      1.00      0.95        20
           x       1.00      0.95      0.98        22
           y       0.91      0.83      0.87        24
           z       1.00      0.87      0.93        23
           A       1.00      0.89      0.94        18
           B       0.86      1.00      0.92        18
           C       0.95      0.82      0.88        22
           D       1.00      0.73      0.85        15
           E       1.00      1.00      1.00        16
           F       1.00      1.00      1.00        18
           G       1.00      1.00      1.00        15
           H       1.00      1.00      1.00        17
           I       0.93      0.93      0.93        15
           J       0.93      0.87      0.90        15
           K       0.96      0.96      0.96        24
           L       1.00      1.00      1.00        21
           M       0.96      1.00      0.98        23
           N       1.00      1.00      1.00        21
           O       1.00      1.00      1.00        17
           P       0.74      0.95      0.83        21
           Q       0.90      0.90      0.90        21
           R       0.95      0.95      0.95        22
           S       0.94      0.94      0.94        17
           T       0.95      1.00      0.98        21
           U       0.95      0.87      0.91        23
           V       1.00      0.96      0.98        23
           W       1.00      1.00      1.00        15
           X       1.00      1.00      1.00        22
           Y       0.88      0.96      0.92        24
           Z       0.96      1.00      0.98        23

    accuracy                           0.95       992
   macro avg       0.95      0.95      0.95       992
weighted avg       0.95      0.95      0.95       992
