              precision    recall  f1-score   support

           a       0.64      0.88      0.74         8
           b       0.33      0.38      0.35         8
           c       1.00      0.12      0.22         8
           d       0.57      0.57      0.57         7
           e       1.00      1.00      1.00         7
           f       0.55      0.86      0.67         7
           g       0.70      1.00      0.82         7
           h       0.50      0.75      0.60         8
           i       0.75      0.86      0.80         7
           j       0.75      0.43      0.55         7
           k       1.00      0.12      0.22         8
           l       0.86      0.75      0.80         8
           m       1.00      0.14      0.25         7
           n       0.60      0.43      0.50         7
           o       0.00      0.00      0.00         8
           p       0.50      1.00      0.67         7
           q       0.70      1.00      0.82         7
           r       0.75      0.43      0.55         7
           s       0.67      1.00      0.80         8
           t       0.80      0.57      0.67         7
           u       0.50      0.62      0.56         8
           v       0.75      0.75      0.75         8
           w       1.00      1.00      1.00         8
           x       0.83      0.62      0.71         8
           y       0.75      0.43      0.55         7
           z       0.71      0.62      0.67         8
           A       1.00      0.86      0.92         7
           B       0.00      0.00      0.00         8
           C       0.54      0.88      0.67         8
           D       0.29      0.88      0.44         8
           E       0.67      0.29      0.40         7
           F       0.58      0.88      0.70         8
           G       1.00      0.57      0.73         7
           H       0.80      0.57      0.67         7
           I       0.71      0.71      0.71         7
           J       0.55      0.75      0.63         8
           K       1.00      0.14      0.25         7
           L       0.86      0.86      0.86         7
           M       0.41      0.88      0.56         8
           N       0.73      1.00      0.84         8
           O       0.57      1.00      0.73         8
           P       0.00      0.00      0.00         7
           Q       1.00      1.00      1.00         8
           R       0.64      1.00      0.78         7
           S       0.00      0.00      0.00         7
           T       0.88      0.88      0.88         8
           U       0.67      0.25      0.36         8
           V       0.50      0.57      0.53         7
           W       0.78      0.88      0.82         8
           X       0.75      0.86      0.80         7
           Y       1.00      1.00      1.00         7
           Z       0.89      1.00      0.94         8

    accuracy                           0.66       390
   macro avg       0.67      0.65      0.62       390
weighted avg       0.67      0.66      0.62       390
