              precision    recall  f1-score   support

           a       0.93      0.87      0.90        15
           b       1.00      0.87      0.93        15
           c       0.92      0.73      0.81        15
           d       0.94      1.00      0.97        15
           e       1.00      1.00      1.00        15
           f       0.93      0.93      0.93        15
           g       0.94      1.00      0.97        15
           h       1.00      0.93      0.97        15
           i       1.00      1.00      1.00        15
           j       1.00      0.93      0.97        15
           k       0.86      0.80      0.83        15
           l       0.94      1.00      0.97        15
           m       1.00      0.93      0.97        15
           n       0.79      1.00      0.88        15
           o       1.00      1.00      1.00        15
           p       0.79      1.00      0.88        15
           q       0.93      0.87      0.90        15
           r       1.00      0.93      0.97        15
           s       1.00      1.00      1.00        15
           t       0.93      0.93      0.93        15
           u       1.00      1.00      1.00        15
           v       1.00      1.00      1.00        15
           w       0.93      0.93      0.93        15
           x       0.88      1.00      0.94        15
           y       1.00      0.93      0.97        15
           z       1.00      1.00      1.00        14
           A       0.93      0.87      0.90        15
           B       0.93      0.93      0.93        15
           C       0.78      0.93      0.85        15
           D       0.86      0.80      0.83        15
           E       1.00      1.00      1.00        15
           F       1.00      1.00      1.00        15
           G       1.00      1.00      1.00        15
           H       1.00      1.00      1.00        16
           I       1.00      0.93      0.97        15
           J       1.00      1.00      1.00        15
           K       0.87      0.87      0.87        15
           L       1.00      1.00      1.00        15
           M       0.94      1.00      0.97        15
           N       0.94      1.00      0.97        15
           O       1.00      1.00      1.00        15
           P       0.88      0.93      0.90        15
           Q       1.00      1.00      1.00        15
           R       1.00      1.00      1.00        15
           S       1.00      1.00      1.00        15
           T       0.92      0.92      0.92        13
           U       1.00      0.93      0.97        15
           V       0.94      1.00      0.97        15
           W       1.00      0.80      0.89        15
           X       1.00      0.93      0.97        15
           Y       0.88      1.00      0.94        15
           Z       1.00      0.93      0.97        15

    accuracy                           0.95       778
   macro avg       0.95      0.95      0.95       778
weighted avg       0.95      0.95      0.95       778
