              precision    recall  f1-score   support

           a       0.07      0.12      0.09         8
           b       0.00      0.00      0.00         8
           c       0.17      0.75      0.28         8
           d       0.33      1.00      0.50         7
           e       0.00      0.00      0.00         7
           f       0.00      0.00      0.00         7
           g       1.00      0.14      0.25         7
           h       0.17      0.12      0.14         8
           i       0.00      0.00      0.00         7
           j       0.00      0.00      0.00         7
           k       0.18      0.62      0.28         8
           l       0.00      0.00      0.00         8
           m       0.00      0.00      0.00         7
           n       0.00      0.00      0.00         7
           o       0.30      1.00      0.46         8
           p       0.13      0.43      0.20         7
           q       0.50      0.14      0.22         7
           r       0.00      0.00      0.00         7
           s       0.00      0.00      0.00         8
           t       0.00      0.00      0.00         7
           u       0.00      0.00      0.00         8
           v       0.50      0.25      0.33         8
           w       0.24      1.00      0.38         8
           x       0.00      0.00      0.00         8
           y       0.00      0.00      0.00         7
           z       0.00      0.00      0.00         8
           A       0.00      0.00      0.00         7
           B       0.00      0.00      0.00         8
           C       0.00      0.00      0.00         8
           D       0.08      0.38      0.13         8
           E       0.00      0.00      0.00         7
           F       0.00      0.00      0.00         8
           G       0.00      0.00      0.00         7
           H       0.00      0.00      0.00         7
           I       0.00      0.00      0.00         7
           J       0.00      0.00      0.00         8
           K       0.00      0.00      0.00         7
           L       0.00      0.00      0.00         7
           M       0.00      0.00      0.00         8
           N       0.00      0.00      0.00         8
           O       0.00      0.00      0.00         8
           P       0.00      0.00      0.00         7
           Q       0.00      0.00      0.00         8
           R       0.18      0.57      0.28         7
           S       0.00      0.00      0.00         7
           T       0.35      0.75      0.48         8
           U       0.00      0.00      0.00         8
           V       0.17      0.86      0.29         7
           W       0.00      0.00      0.00         8
           X       0.15      1.00      0.26         7
           Y       0.00      0.00      0.00         7
           Z       0.14      0.50      0.22         8

    accuracy                           0.19       390
   macro avg       0.09      0.19      0.09       390
weighted avg       0.09      0.19      0.09       390
